1010101010000000
1000110101111100
1100100110000000
0000000000000101
0011110001011000
0100010010000000
0100001100000000
0000000000000000
1111110000000000
1110000000000000
0110110000000000
0111000000000000
0001101100000000
0001111000000000
0010010111010000
0101010010000000
0101100100000000
0110100110000000
1100111111010000
0000000000001110
0010101110110100
0010111010010000
1010101000000000
1000000001000000
1010111100000000
0000000000100000
1101001000000000
0000000000010110
0011001001011100
0011010110100010
0011100100100100
0000111000000000
0000010000000000
0001001000000000
0001011100000000
0010001001110000
0110000110000000
0110010110000000

